data_5:  1 1 1 1 3 1  ->  1
data_6:  1 1 1 1 3 2  ->  1
data_19:  1 1 1 3 2 1  ->  1
data_22:  1 1 1 3 3 2  ->  1
data_27:  1 1 2 1 2 1  ->  1
data_28:  1 1 2 1 2 2  ->  1
data_37:  1 1 2 2 3 1  ->  1
data_39:  1 1 2 2 4 1  ->  1
data_42:  1 1 2 3 1 2  ->  1
data_50:  1 2 1 1 1 2  ->  1
data_51:  1 2 1 1 2 1  ->  0
data_53:  1 2 1 1 3 1  ->  0
data_56:  1 2 1 1 4 2  ->  0
data_57:  1 2 1 2 1 1  ->  1
data_61:  1 2 1 2 3 1  ->  0
data_62:  1 2 1 2 3 2  ->  0
data_64:  1 2 1 2 4 2  ->  0
data_67:  1 2 1 3 2 1  ->  0
data_72:  1 2 1 3 4 2  ->  0
data_76:  1 2 2 1 2 2  ->  0
data_86:  1 2 2 2 3 2  ->  0
data_87:  1 2 2 2 4 1  ->  0
data_88:  1 2 2 2 4 2  ->  0
data_92:  1 2 2 3 2 2  ->  0
data_93:  1 2 2 3 3 1  ->  0
data_94:  1 2 2 3 3 2  ->  0
data_99:  1 3 1 1 2 1  ->  0
data_103:  1 3 1 1 4 1  ->  0
data_107:  1 3 1 2 2 1  ->  0
data_111:  1 3 1 2 4 1  ->  0
data_114:  1 3 1 3 1 2  ->  1
data_116:  1 3 1 3 2 2  ->  0
data_117:  1 3 1 3 3 1  ->  0
data_119:  1 3 1 3 4 1  ->  0
data_120:  1 3 1 3 4 2  ->  0
data_124:  1 3 2 1 2 2  ->  0
data_130:  1 3 2 2 1 2  ->  1
data_132:  1 3 2 2 2 2  ->  0
data_134:  1 3 2 2 3 2  ->  0
data_135:  1 3 2 2 4 1  ->  0
data_136:  1 3 2 2 4 2  ->  0
data_137:  1 3 2 3 1 1  ->  1
data_139:  1 3 2 3 2 1  ->  0
data_143:  1 3 2 3 4 1  ->  0
data_144:  1 3 2 3 4 2  ->  0
data_149:  2 1 1 1 3 1  ->  0
data_150:  2 1 1 1 3 2  ->  0
data_153:  2 1 1 2 1 1  ->  1
data_154:  2 1 1 2 1 2  ->  1
data_156:  2 1 1 2 2 2  ->  0
data_157:  2 1 1 2 3 1  ->  0
data_159:  2 1 1 2 4 1  ->  0
data_160:  2 1 1 2 4 2  ->  0
data_167:  2 1 1 3 4 1  ->  0
data_172:  2 1 2 1 2 2  ->  0
data_173:  2 1 2 1 3 1  ->  0
data_176:  2 1 2 1 4 2  ->  0
data_181:  2 1 2 2 3 1  ->  0
data_184:  2 1 2 2 4 2  ->  0
data_188:  2 1 2 3 2 2  ->  0
data_191:  2 1 2 3 4 1  ->  0
data_195:  2 2 1 1 2 1  ->  1
data_196:  2 2 1 1 2 2  ->  1
data_197:  2 2 1 1 3 1  ->  1
data_206:  2 2 1 2 3 2  ->  1
data_209:  2 2 1 3 1 1  ->  1
data_210:  2 2 1 3 1 2  ->  1
data_212:  2 2 1 3 2 2  ->  1
data_214:  2 2 1 3 3 2  ->  1
data_216:  2 2 1 3 4 2  ->  1
data_217:  2 2 2 1 1 1  ->  1
data_222:  2 2 2 1 3 2  ->  1
data_223:  2 2 2 1 4 1  ->  1
data_224:  2 2 2 1 4 2  ->  1
data_227:  2 2 2 2 2 1  ->  1
data_239:  2 2 2 3 4 1  ->  1
data_241:  2 3 1 1 1 1  ->  1
data_249:  2 3 1 2 1 1  ->  1
data_253:  2 3 1 2 3 1  ->  0
data_258:  2 3 1 3 1 2  ->  1
data_261:  2 3 1 3 3 1  ->  0
data_264:  2 3 1 3 4 2  ->  0
data_270:  2 3 2 1 3 2  ->  0
data_273:  2 3 2 2 1 1  ->  1
data_274:  2 3 2 2 1 2  ->  1
data_275:  2 3 2 2 2 1  ->  0
data_286:  2 3 2 3 3 2  ->  0
data_289:  3 1 1 1 1 1  ->  1
data_290:  3 1 1 1 1 2  ->  1
data_297:  3 1 1 2 1 1  ->  1
data_300:  3 1 1 2 2 2  ->  0
data_308:  3 1 1 3 2 2  ->  0
data_313:  3 1 2 1 1 1  ->  1
data_316:  3 1 2 1 2 2  ->  0
data_324:  3 1 2 2 2 2  ->  0
data_326:  3 1 2 2 3 2  ->  0
data_332:  3 1 2 3 2 2  ->  0
data_337:  3 2 1 1 1 1  ->  1
data_344:  3 2 1 1 4 2  ->  0
data_346:  3 2 1 2 1 2  ->  1
data_352:  3 2 1 2 4 2  ->  0
data_361:  3 2 2 1 1 1  ->  1
data_362:  3 2 2 1 1 2  ->  1
data_366:  3 2 2 1 3 2  ->  0
data_377:  3 2 2 3 1 1  ->  1
data_379:  3 2 2 3 2 1  ->  0
data_383:  3 2 2 3 4 1  ->  0
data_385:  3 3 1 1 1 1  ->  1
data_387:  3 3 1 1 2 1  ->  1
data_392:  3 3 1 1 4 2  ->  1
data_398:  3 3 1 2 3 2  ->  1
data_400:  3 3 1 2 4 2  ->  1
data_402:  3 3 1 3 1 2  ->  1
data_403:  3 3 1 3 2 1  ->  1
data_404:  3 3 1 3 2 2  ->  1
data_408:  3 3 1 3 4 2  ->  1
data_409:  3 3 2 1 1 1  ->  1
data_414:  3 3 2 1 3 2  ->  1
data_415:  3 3 2 1 4 1  ->  1
data_416:  3 3 2 1 4 2  ->  1
data_426:  3 3 2 3 1 2  ->  1
data_428:  3 3 2 3 2 2  ->  1
data_430:  3 3 2 3 3 2  ->  1
data_432:  3 3 2 3 4 2  ->  1